FLIGHTNOISE
                 FLIGHT AIRCRAFT ID: FM02904
               FLIGHT AIRCRAFT NAME: C-130J              
                        ENGINE NAME: AE2100D3            
                  NUMBER OF ENGINES: 4
 MEASURED FLIGHT NOISE DATA UPDATED: 06 MAR 2002
        SOURCE OF FLIGHT NOISE DATA: U.S.A.F.    
 NUMBER OF POWER SETTINGS REQUESTED:  1

PROFILE ID   INTERPOLATION TYPE    POWER SETTING    SPEED (KNOTS)   POWER DESCRIPTION

FM0290400         VARIABLE        6000.00 HP             160        TAKEOFF POWER       

 Distance    SEL (dB)      EPNL (EPNdB)      ALM (dBA)     PNLT (PNdB)
   (ft)     A-G    G-G      A-G    G-G      A-G    G-G      A-G    G-G
    200    104.0  104.0    107.7  107.8    100.3  100.3    116.4  116.5
    250    102.4  102.4    106.1  106.2     98.1   98.1    114.2  114.3
    315    100.9  100.0    104.5  103.9     95.9   95.0    112.0  111.4
    400     99.2   97.7    102.8  101.4     93.7   92.2    109.7  108.3
    500     97.6   95.3    101.0   99.0     91.5   89.2    107.3  105.3
    630     95.9   92.9     99.1   96.4     89.2   86.2    104.8  102.1
    800     94.1   90.4     97.1   93.7     86.8   83.1    102.2   98.8
   1000     92.3   87.9     95.0   90.8     84.4   80.0     99.5   95.3
   1250     90.4   85.5     92.8   88.4     81.9   77.0     96.7   92.3
   1600     88.4   83.3     90.6   86.1     79.3   74.2     93.9   89.4
   2000     86.4   81.1     88.5   83.8     76.7   71.4     91.2   86.4
   2500     84.3   78.9     86.3   80.9     74.0   68.6     88.4   83.0
   3150     82.1   76.7     83.9   77.8     71.1   65.7     85.4   79.3
   4000     79.8   74.4     81.3   74.3     68.3   62.9     81.8   74.9
   5000     77.4   71.9     78.6   71.1     65.3   59.8     78.2   70.7
   6300     75.0   69.3     75.7   67.7     62.2   56.6     74.4   66.3
   8000     72.4   66.3     72.8   64.1     59.1   53.0     70.6   61.8
  10000     69.8   62.9     69.8   60.7     55.9   49.0     66.6   57.5
  12500     67.1   58.9     66.7   56.8     52.6   44.3     62.9   53.0
  16000     64.3   54.7     63.5   52.5     49.2   39.6     59.1   48.2
  20000     61.4   50.9     60.0   47.3     45.7   35.2     55.1   42.3
  25000     58.3   47.5     56.4   41.8     42.0   31.2     50.8   36.2
                 FLIGHT AIRCRAFT ID: FM02001
               FLIGHT AIRCRAFT NAME: C-17                
                        ENGINE NAME: F117-PW-100         
                  NUMBER OF ENGINES: 4
 MEASURED FLIGHT NOISE DATA UPDATED: 27 JUN 1996
        SOURCE OF FLIGHT NOISE DATA: U.S.A.F.    
 NUMBER OF POWER SETTINGS REQUESTED:  1

PROFILE ID   INTERPOLATION TYPE    POWER SETTING    SPEED (KNOTS)   POWER DESCRIPTION

FM0200100         VARIABLE          89.00 % NC           160        INTERMEDIATE POWER  

 Distance    SEL (dB)      EPNL (EPNdB)      ALM (dBA)     PNLT (PNdB)
   (ft)     A-G    G-G      A-G    G-G      A-G    G-G      A-G    G-G
    200    109.6  109.6    115.4  115.8    106.7  106.7    121.7  122.1
    250    107.8  107.8    113.7  114.1    104.4  104.4    119.4  119.8
    315    106.0  105.5    111.9  111.5    102.0  101.5    117.0  116.7
    400    104.1  103.1    110.0  108.6     99.4   98.4    114.6  113.1
    500    102.1  100.6    108.0  106.1     96.8   95.4    112.0  110.1
    630     99.9   98.0    105.9  103.4     94.1   92.2    109.2  106.8
    800     97.6   95.3    103.6  100.8     91.2   88.9    106.3  103.6
   1000     95.2   92.4    101.1   97.9     88.2   85.4    103.2  100.0
   1250     92.6   89.3     98.3   94.6     85.0   81.6     99.9   96.2
   1600     89.9   86.3     95.3   91.4     81.7   78.1     96.3   92.4
   2000     87.1   83.3     92.0   87.8     78.3   74.5     92.4   88.2
   2500     84.3   80.3     88.6   84.3     74.9   70.9     88.3   84.0
   3150     81.4   77.5     85.0   80.8     71.4   67.4     84.2   79.9
   4000     78.6   74.8     81.1   77.1     68.0   64.2     79.9   75.9
   5000     75.8   72.0     77.4   73.4     64.6   60.8     75.8   71.8
   6300     73.0   69.1     73.8   69.4     61.1   57.2     71.9   67.4
   8000     70.1   65.7     70.3   64.7     57.7   53.2     68.0   62.4
  10000     67.3   61.8     66.8   59.5     54.2   48.8     64.1   56.9
  12500     64.3   57.0     63.4   53.1     50.7   43.4     60.1   49.9
  16000     61.3   51.9     59.7   46.5     47.1   37.7     55.9   42.7
  20000     58.2   46.8     55.9   38.8     43.3   32.0     51.4   34.4
  25000     54.9   41.9     51.6   28.7     39.4   26.4     46.5   23.7
                 FLIGHT AIRCRAFT ID: FM02201
               FLIGHT AIRCRAFT NAME: C-20                
                        ENGINE NAME: SPEYMK511-8         
                  NUMBER OF ENGINES: 2
 MEASURED FLIGHT NOISE DATA UPDATED: 26 NOV 1989
        SOURCE OF FLIGHT NOISE DATA: U.S.A.F.    
 NUMBER OF POWER SETTINGS REQUESTED:  1

PROFILE ID   INTERPOLATION TYPE    POWER SETTING    SPEED (KNOTS)   POWER DESCRIPTION

FM0220100         VARIABLE       11400.00 LBS            160        TAKEOFF             

 Distance    SEL (dB)      EPNL (EPNdB)      ALM (dBA)     PNLT (PNdB)
   (ft)     A-G    G-G      A-G    G-G      A-G    G-G      A-G    G-G
    200    116.1  116.1    120.3  120.5    113.8  113.8    127.7  127.9
    250    114.6  114.6    118.7  118.9    111.7  111.7    125.5  125.7
    315    113.1  111.4    117.1  116.1    109.6  107.9    123.3  122.4
    400    111.5  108.5    115.5  113.5    107.4  104.4    121.1  119.1
    500    109.9  106.0    113.8  111.0    105.2  101.3    118.8  116.0
    630    108.3  103.6    112.0  108.4    103.0   98.3    116.4  112.8
    800    106.6  101.2    110.1  105.7    100.7   95.3    113.9  109.6
   1000    104.8   98.9    108.1  103.1     98.3   92.4    111.3  106.4
   1250    103.0   96.6    106.0  100.4     95.9   89.5    108.6  103.0
   1600    101.1   94.4    103.8   97.6     93.5   86.7    105.8   99.7
   2000     99.2   92.3    101.7   95.0     90.9   84.0    103.1   96.4
   2500     97.2   90.1     99.5   92.1     88.3   81.2    100.4   92.9
   3150     95.1   87.9     97.3   89.0     85.6   78.5     97.5   89.3
   4000     92.9   85.7     94.8   86.1     82.8   75.7     94.4   85.7
   5000     90.5   83.3     92.3   82.9     79.8   72.6     91.3   81.9
   6300     88.1   80.7     89.6   79.8     76.8   69.4     88.0   78.2
   8000     85.5   77.7     86.8   76.6     73.6   65.8     84.6   74.3
  10000     82.7   74.3     83.9   72.9     70.2   61.9     81.1   70.1
  12500     79.8   70.2     80.9   69.0     66.7   57.1     77.5   65.6
  16000     76.8   65.7     77.7   64.6     63.1   52.0     73.7   60.6
  20000     73.5   61.0     74.1   59.6     59.2   46.7     69.5   55.0
  25000     70.0   56.4     70.3   53.8     55.1   41.6     65.1   48.6
                 FLIGHT AIRCRAFT ID: FC06001
               FLIGHT AIRCRAFT NAME: MU-3001             
                        ENGINE NAME: TF JT15D-5          
                  NUMBER OF ENGINES: 2
 MEASURED FLIGHT NOISE DATA UPDATED: 14 JAN 1988
        SOURCE OF FLIGHT NOISE DATA: FAA         
 NUMBER OF POWER SETTINGS REQUESTED:  1

PROFILE ID   INTERPOLATION TYPE    POWER SETTING    SPEED (KNOTS)   POWER DESCRIPTION

FC0600100         VARIABLE        2950.00 LBS            160        TAKEOFF             

 Distance    SEL (dB)      EPNL (EPNdB)      ALM (dBA)     PNLT (PNdB)
   (ft)     A-G    G-G      A-G    G-G      A-G    G-G      A-G    G-G
    200    112.2  112.2    113.9  113.8    107.6  107.6    119.6  119.5
    250    110.8  110.8    112.4  112.3    105.5  105.5    117.6  117.5
    315    109.3  106.5    110.9  107.5    103.5  100.7    115.5  112.0
    400    107.8  101.9    109.4  102.7    101.4   95.5    113.4  106.7
    500    106.3   99.2    107.8  100.1     99.3   92.2    111.2  103.5
    630    104.8   96.9    106.2   97.4     97.1   89.3    109.0  100.1
    800    103.2   95.0    104.6   94.7     95.0   86.7    106.8   96.9
   1000    101.6   93.2    102.9   92.0     92.8   84.3    104.5   93.6
   1250    100.0   91.4    101.2   90.1     90.5   81.9    102.2   91.0
   1600     98.2   89.6     99.5   88.3     88.2   79.5     99.8   88.7
   2000     96.4   87.8     97.7   86.6     85.8   77.2     97.4   86.4
   2500     94.5   86.1     95.7   84.9     83.2   74.8     94.9   84.1
   3150     92.5   84.2     93.6   83.0     80.6   72.4     92.2   81.5
   4000     90.3   82.3     90.9   80.6     77.8   69.9     88.8   78.5
   5000     87.9   80.2     88.0   77.8     74.9   67.1     85.3   75.1
   6300     85.4   77.9     84.8   75.5     71.7   64.2     81.4   72.1
   8000     82.6   75.3     81.2   72.9     68.4   61.0     77.2   68.9
  10000     79.6   72.3     77.1   69.6     64.7   57.5     72.5   65.0
  12500     76.3   68.5     73.7   66.2     60.8   53.0     68.5   61.0
  16000     72.7   63.9     70.5   62.0     56.7   47.8     64.7   56.2
  20000     68.9   58.6     67.0   56.0     52.2   41.9     60.6   49.6
  25000     64.8   52.6     63.7   49.4     47.5   35.4     56.7   42.4
